20774.0
10805.0
2.0617667E7
818.0
1.185526E7
113074.0
7.0885301E7
1.5951902E7
1.4035033E7
120207.0
5815.0
15667.0
13457.0
782000.0
1810.0
1.0023835E7
667784.0
66429.0
1.2582088E7
1.2661112E7
10194.0
47311.0
7035.0
6011585.0
16338.0
479368.0
3672366.0
2834421.0
6706.0
7576593.0
6412775.0
4.4307417E7
4054542.0
61200.0
4778.0
3667420.0
4.3565135E7
10399.0
18102.0
5783508.0
5310.0
2.3507007E7
29727.0
7681171.0
33316.0
8432465.0
1.5005604E7
25504.0
11566.0
7482669.0
3005175.0
2032.0
28937.0
1.8517017E7
1.8575214E7
3333.0
243796.0
4294936.0
135733.0
68779.0
147812.0
8040854.0
14146.0
4454319.0
36272.0
1.1554404E7
796836.0
15637.0
1.3243069E7
4321.0
5856872.0
53267.0
144070.0
2848.0
389351.0
1924.0
1.1382472E7
59459.0
15995.0
1.431285E7
16694.0
29525.0
1.5820864E7
3201420.0
7.2896986E7
20351.0
37437.0
65365.0
25900.0
14489.0
1.6647604E7
1.3122865E7
1.0208431E7
972066.0
2.3450212E7
3.8021044E7
8252.0
7031228.0
302908.0
120544.0
73837.0
8036.0
9098.0
38500.0
81569.0
1328448.0
1.9656429E7
4360.0
2.7515871E7
9490.0
2.013113E7
1200.0
6374.0
12281.0
2.7736056E7
466.0
2784.0
137034.0
1.0005895E7
16102.0
4143199.0
3.3014202E7
9004.0
2074300.0
2201.0
8648324.0
1550000.0
2390.0
69039.0
7551.0
1.9020655E7
4.4783772E7
2.6455463E7
9995.0
6.928369E7
156760.0
20856.0
5919.0
12800.0
4208455.0
1.3471488E7
1.050499E7
43424.0
21160.0
3.9172785E7
83574.0
385848.0
9046.0
49313.0
21281.0
2.2564612E7
547425.0
133784.0
55198.0
780408.0
4956.0
5120.0
8161.0
1.5092079E7
5203.0
508601.0
38882.0
70664.0
631725.0
3245556.0
57010.0
2623.0
3429.0
12598.0
3646.0
13100.0
7624.0
324857.0
1429100.0
6.0119509E7
119276.0
4.0833156E7
2026997.0
7658898.0
5229.0
6147294.0
12726.0
31985.0
31702.0
2690.0
5.617845E7
9656250.0
1.1457353E7
1.4591141E7
4.0049778E7
1082804.0
54920.0
1307.0
12814.0
28548.0
1.8320205E7
1.0061132E7
4.0011365E7
9665.0
5630.0
2.418296E7
1021.0
7402.0
36295.0
4244142.0
37201.0
25868.0
10061.0
50160.0
3807595.0
20560.0
3238.0
3243.0
1.0395799E7
2.9769098E7
215801.0
35856.0
150355.0
66157.0
70460.0
33521.0
8852458.0
4438.0
1.0457367E7
9107071.0
43263.0
9161.0
3767567.0
5706.0
3609.0
1.4703405E7
9633085.0
1982.0
4887285.0
1.6904003E7
7363.0
7758.0
1.1809445E7
16412.0
23217.0
134938.0
9939251.0
6321.0
11456.0
1.9076261E7
6214723.0
7.7073388E7
101288.0
46730.0
17311.0
1825.0
7842725.0
37542.0
8222.0
1282973.0
28107.0
281778.0
7380.0
4231321.0
56488.0
15810.0
8373.0
700213.0
22632.0
2.8649398E7
23388.0
15656.0
2.6887467E7
1.2211986E7
8411.0
8911330.0
9626287.0
23192.0
4393.0
7067335.0
2.7537244E7
2.1905089E7
32867.0
78464.0
15841.0
23281.0
95521.0
1629.0
411544.0
2.2224982E7
75721.0
50103.0
260713.0
2968.0
138311.0
4670120.0
30630.0
11075.0
164926.0
1.548887E7
12605.0
9581.0
43930.0
18195.0
22806.0
7352.0
5041239.0
9178233.0
378950.0
4350.0
22603.0
24658.0
3.0675314E7
722832.0
15757.0
53944.0
1082.0
20361.0
547092.0
16908.0
17510.0
19253.0
10075.0
2.0188176E7
3202035.0
784.0
1.2804793E7
1302.0
6153075.0
1.0618711E7
10299.0
1529.0
14642.0
1088.0
1.1407751E7
4.9060281E7
4281388.0
76639.0
1.8612544E7
2.3239907E7
53666.0
4129.0
3356.0
3.1192615E7
3501971.0
22465.0
6061762.0
66806.0
2641.0
3426.0
3.00543E7
37924.0
87477.0
59212.0
2.4411322E7
4630.0
5384.0
1.2521027E7
5.8051684E7
5.6061504E7
1407.0
9018.0
2.397384E7
410804.0
12680.0
4465.0
7768.0
61817.0
5299.0
1.0590244E7
1707967.0
54556.0
3187153.0
1.2400125E7
10203.0
19968.0
5199.0
1.9173094E7
664351.0
3038.0
608804.0
11903.0
2158.0
5101907.0
1.3635463E7
438615.0
15189.0
1.024519E7
613.0
14483.0
7703551.0
2.4629938E7
1.8814323E7
6004219.0
78337.0
1.1752917E7
2754.0
5124.0
11940.0
372012.0
5456908.0
2.1176925E7
1.1014657E7
1.8515473E7
5833562.0
9405582.0
8618.0
589332.0
11431.0
10555.0
1839.0
2.1959271E7
28815.0
12371.0
30676.0
9610.0
175336.0
2.2950971E7
3338.0
17195.0
7288977.0
17357.0
6773870.0
1.7723544E7
4.5388836E7
2568.0
8661.0
1787.0
1179.0
1.3594734E7
1921838.0
4816.0
6769.0
2130.0
6691.0
3099.0
2.5783232E7
27744.0
5501406.0
76817.0
1.3652001E7
2769.0
421446.0
12377.0
1.003396E7
97060.0
3721526.0
7523571.0
159671.0
13880.0
1355904.0
3009341.0
25711.0
11108.0
1.3256188E7
3657322.0
39712.0
3376009.0
48760.0
1.441463E7
1.1596613E7
269131.0
26045.0
12207.0
2.08253E7
1.8006064E7
2.0671446E7
94784.0
63520.0
248337.0
2.7476745E7
53983.0
2.6362367E7
10173.0
1.305165E7
9695.0
6608244.0
240075.0
4.1533432E7
2443.0
58049.0
3938.0
1.02335066E8
1.39715157E8
1968505.0
9152.0
8257.0
38355.0
1042.0
56207.0
15216.0
1.4022105E7
10000.0
11251.0
52885.0
45047.0
7235.0
1.7745586E7
1772.0
2431.0
4466.0
2.1959233E7
1897705.0
9686362.0
1.5708512E7
142379.0
515992.0
7818239.0
2.1103203E7
4.3142214E7
2.1094148E7
1449320.0
1.2778913E7
3960.0
5926177.0
32406.0
25261.0
23153.0
5538835.0
1.24019E7
3368197.0
1.0214734E7
8203391.0
1.9556099E7
314488.0
5848464.0
5310711.0
8545.0
36371.0
31405.0
1.2077236E7
427987.0
4003537.0
39609.0
8017808.0
14987.0
7.7211321E7
6.8033544E7
5047783.0
6807471.0
124367.0
5745780.0
3506291.0
1425915.0
927956.0
2580.0
51907.0
974601.0
1026.0
404879.0
452966.0
1.0017575E7
22383.0
192000.0
3.423375E7
88709.0
2.8954945E7
2.2822455E7
133557.0
12095.0
7057854.0
212440.0
43085.0
3527.0
5951409.0
1.7031122E7
7717309.0
3093.0
1.240907E7
5674802.0
5888.0
19717.0
15990.0
2.9002002E7
2723682.0
148549.0
2.772621E7
17659.0
25660.0
10413.0
28298.0
20880.0
1.4276534E7
7482.0
51233.0
278825.0
100207.0
525155.0
1.3243107E7
1.6408718E7
5692285.0
2795.0
6151.0
27112.0
653723.0
16915.0
2541419.0
440228.0
3274.0
1.9635996E7
1.7135055E7
6.6181645E7
35814.0
16101.0
2137685.0
8927.0
77529.0
180660.0
471713.0
2300.0
3.069099E7
10098.0
269225.0
15700.0
149224.0
32814.0
1.8044396E7
9850.0
1.3616196E7
3779.0
27323.0
1018750.0
5244.0
1.0221705E7
4649.0
6922767.0
90418.0
254420.0
86556.0
1.2806188E7
172036.0
4627989.0
2746312.0
1.0024819E7
246483.0
16180.0
81706.0
3600.0
1.6328506E7
11310.0
25370.0
2220050.0
128842.0
27804.0
1.7838076E7
6702434.0
6.5556312E7
97953.0
22453.0
2.1613176E7
36397.0
499012.0
4.839813E7
8875.0
10664.0
12667.0
80423.0
13798.0
4.760648E7
1286.0
4430.0
429223.0
3210.0
2017795.0
9390144.0
5623373.0
191560.0
3792.0
1924860.0
13285.0
7031921.0
2710445.0
5025.0
6350.0
4.7224594E7
3.0030661E7
45348.0
268370.0
9630085.0
14643.0
10334.0
15117.0
8917251.0
1.229938E7
16039.0
2244.0
4065014.0
3852.0
15001.0
81035.0
5361050.0
92668.0
3376669.0
788.0
600542.0
9439.0
20024.0
30801.0
2.5123781E7
74238.0
682504.0
4487.0
1.4713321E7
2.5723815E7
719910.0
3948863.0
8330.0
4315.0
70224.0
7517.0
1911358.0
21828.0
126449.0
1.7098519E7
4.7743273E7
9653.0
1.28618E7
32360.0
32601.0
13060.0
1747.0
2.2217226E7
2.3105133E7
11002.0
11565.0
28665.0
5.0342878E7
9889780.0
1.0017067E7
55344.0
9744.0
48280.0
8761369.0
4152260.0
57286.0
1.9152249E7
13444.0
52744.0
1.2855321E7
13142.0
4655.0
32397.0
85222.0
26290.0
9167.0
17425.0
90022.0
8603460.0
2.8309599E7
2837.0
248552.0
6832318.0
11603.0
7480927.0
1.450365E7
10351.0
7849304.0
53908.0
20000.0
17583.0
7133049.0
3.0433781E7
3554134.0
359.0
24456.0
28387.0
23617.0
32393.0
1226333.0
14250.0
14510.0
3.4195434E7
1.1704357E7
6422455.0
613344.0
143131.0
21813.0
1.4602867E7
8018.0
3.6133403E7
18003.0
6763.0
50865.0
68184.0
35402.0
68957.0
3310.0
68447.0
3.6301837E7
17303.0
9805.0
71464.0
9160.0
4106862.0
25460.0
3440.0
2.3624548E7
5733.0
1796.0
4316.0
11370.0
1127359.0
32227.0
3.8457003E7
4245.0
2083398.0
3.0552694E7
72229.0
68071.0
35593.0
48023.0
39242.0
5001214.0
80602.0
2930188.0
5300980.0
1.1206163E7
57445.0
163372.0
2.0220412E7
1.27972864E8
1.35634554E8
4059.0
5805559.0
2.215541E7
10760.0
4566293.0
190865.0
1.7558689E7
1862.0
1.4801808E7
58570.0
3533300.0
6048315.0
6220935.0
2552.0
7007.0
3997.0
159056.0
154590.0
1735.0
193840.0
32681.0
5034180.0
21733.0
1612.0
13380.0
26029.0
5154.0
2.6541709E7
1792.0
122014.0
27546.0
1549.0
1.3920052E7
11032.0
4.7027395E7
1.7138943E7
1.1958518E7
5033848.0
4213.0
25628.0
35050.0
17009.0
4047.0
7460690.0
4060012.0
1.0273477E7
3309.0
167872.0
36269.0
2.367858E7
1659756.0
4479621.0
41820.0
2438.0
32452.0
5158795.0
3.5065237E7
1574787.0
61138.0
3.6045301E7
58536.0
28136.0
1948.0
2.1851382E7
7570366.0
80938.0
4798.0
2926.0
6079.0
412337.0
3381974.0
226108.0
4.9100158E7
20634.0
542192.0
1.8068372E7
4901.0
447460.0
92362.0
1.9504038E7
34304.0
124475.0
184507.0
75104.0
6000.0
3.1725652E7
3.3610391E7
3.1756764E7
2485.0
391672.0
4.0222875E7
7834.0
8602333.0
14074.0
3046924.0
23609.0
6040.0
200554.0
5309.0
43281.0
3745315.0
4581233.0
1.4367854E7
22341.0
901857.0
5706.0
155560.0
1.008668E7
8316.0
2386.0
103238.0
38281.0
1.6310058E7
2253.0
34774.0
996.0
1.0730372E7
2750.0
5716554.0
1.4523571E7
229685.0
129129.0
1.22536609E8
68969.0
2.0152598E7
126537.0
7.4036787E7
2.9120273E7
7547.0
1.3575149E7
1.6057945E7
17239.0
753520.0
1.4631784E7
46265.0
6273.0
3880270.0
778123.0
5094.0
32833.0
5993.0
1.4638755E7
1.5206301E7
5030.0
3345.0
1480.0
4985.0
21566.0
4879736.0
6410.0
7511675.0
3589.0
917398.0
140773.0
1.51116516E8
154474.0
12762.0
9169779.0
76214.0
8230.0
1102299.0
1.0726406E7
2188199.0
1600.0
1.3251545E7
136148.0
55771.0
3401.0
2.0659573E7
624.0
1.080361E7
10271.0
2.1833312E7
15409.0
69200.0
1.3411093E7
4779.0
4825.0
4181.0
8802.0
242964.0
3.3052411E7
2010962.0
8.459354E7
1.7640249E7
9300805.0
41860.0
24520.0
5196380.0
553530.0
8920.0
1.2051277E7
12718.0
964.0
402000.0
4.7042215E7
29157.0
4060.0
121374.0
2010.0
478910.0
2520.0
1.8508228E7
262923.0
19523.0
314917.0
20578.0
235341.0
1561949.0
2.6341492E7
3724.0
30664.0
18430.0
36414.0
675000.0
14769.0
85327.0
7276.0
2.4255205E7
1765.0
6321.0
118086.0
46908.0
1.50405412E8
1.654072E7
20840.0
6583135.0
60886.0
270.0
1592.0
180271.0
76324.0
5583.0
3582554.0
23326.0
11456.0
2085.0
25829.0
1241079.0
9064880.0
5815474.0
8527.0
2525364.0
1.1585121E7
2.6857181E7
676048.0
1008308.0
1.147836E7
24591.0
4568.0
17234.0
3025.0
211559.0
85007.0
7603376.0
5914722.0
519489.0
41367.0
2740.0
2.564264E7
7951.0
197703.0
55304.0
9404180.0
6021106.0
111708.0
32018.0
16525.0
4174383.0
60465.0
2.2347341E7
1.6047174E7
4015.0
15471.0
1.00561125E8
14170.0
12268.0
7540.0
9820089.0
29400.0
1.6797265E7
4837.0
56280.0
4248465.0
3.390072E7
1.112958E7
48120.0
1.0826287E7
9527.0
2.1607203E7
134006.0
506878.0
63967.0
2.4113565E7
11185.0
58526.0
2756661.0
53571.0
9610204.0
3.9699023E7
45364.0
4268.0
9684809.0
12705.0
20146.0
76190.0
28094.0
20393.0
2805754.0
4763.0
11749.0
32847.0
400782.0
2.6531879E7
1.00561125E8
42808.0
1.02750665E8
1.2712272E7
108223.0
28451.0
2.152556E7
1340.0
2.4321341E7
28550.0
1.3427872E7
4534.0
7062.0
1.339561E7
4510408.0
9920.0
