3462.3333333333335
10805.0
7698.904779686333
818.0
4381.10125646711
28268.5
22844.118917176926
5587.356217162872
5292.244720965309
6678.166666666667
5815.0
7833.5
13457.0
782.0
1810.0
3439.88846945779
29034.08695652174
3907.5882352941176
4739.016195856874
4854.7208588957055
10194.0
9462.2
7035.0
2738.7630979498863
8169.0
17754.37037037037
2425.605019815059
1334.473163841808
6706.0
3028.214628297362
4975.0
12750.33582733813
5125.843236409608
6120.0
4778.0
2444.9466666666667
14264.942698100851
2599.75
18102.0
3442.5642857142857
5310.0
7074.031597953656
4246.714285714285
4785.7763239875385
16658.0
2764.7426229508196
6087.466125760649
8501.333333333334
2313.2
2978.769506369427
3426.653363740023
2032.0
7234.25
6436.224191866528
6856.852713178295
3333.0
60949.0
1911.40898976413
11311.083333333334
9825.57142857143
29562.4
3500.589464518938
7073.0
2066.969373549884
7254.4
7212.486891385768
24901.125
15637.0
5732.930303030303
1080.25
2925.5104895104896
13316.75
8003.888888888889
2848.0
55621.57142857143
962.0
3576.020106817468
14864.75
15995.0
4689.6625163827
16694.0
29525.0
4778.2736333434
2203.317274604267
18895.019699326076
10175.5
796.531914893617
13073.0
4316.666666666667
14489.0
6260.851447912749
5195.116785431513
3202.142722710163
9720.66
7291.732587064676
9679.491853360489
8252.0
2372.2091767881243
1847.0
5740.190476190476
36918.5
8036.0
4549.0
534.7222222222222
1510.537037037037
8051.2
6003.79627367135
4360.0
8726.88582302569
9490.0
6342.511027095148
1200.0
6374.0
1364.5555555555557
8505.383624655015
466.0
2784.0
15226.0
4495.0112309074575
4025.5
3309.264376996805
9790.688612099644
9004.0
1728.5833333333333
2201.0
4527.91832460733
1573.6040609137056
2390.0
34519.5
3775.5
6232.193643512451
11686.788100208769
31607.482676224612
9995.0
18929.96994535519
15676.0
2979.4285714285716
5919.0
12800.0
2788.9032471835653
4889.832304900181
7055.063801208865
14474.666666666666
10580.0
12759.864820846906
41787.0
12057.75
9046.0
2595.4210526315787
3546.8333333333335
7188.471487734947
109485.0
1592.6666666666667
7885.428571428572
28904.0
4956.0
5120.0
4080.5
4888.914480077746
5203.0
726.5728571428572
3888.2
2208.25
39482.8125
1953.9771222155327
11402.0
2623.0
3429.0
2519.6
3646.0
6550.0
3812.0
27071.416666666668
1346.9368520263902
15086.451442910917
3223.675675675676
11890.843331391963
1552.0650842266461
4721.88532675709
5229.0
2800.5895216400913
6363.0
6397.0
31702.0
2690.0
14901.445623342175
3750.0
3212.9425126191813
4595.634960629921
10960.530377668309
67675.25
2196.8
1307.0
3203.5
1019.5714285714286
6515.008890469417
4679.596279069768
10672.543344891972
9665.0
2815.0
9581.204437400951
1021.0
7402.0
3024.5833333333335
2444.782258064516
1957.9473684210527
892.0
10061.0
2280.0
1648.3095238095239
1713.3333333333333
3238.0
3243.0
7723.476225854383
9903.22621423819
906.7268907563025
35856.0
2349.296875
5089.0
2710.0
3047.3636363636365
3301.923908989183
2219.0
4157.998807157058
4885.767703862661
4807.0
9161.0
3682.86119257087
2853.0
3609.0
5730.087685113016
3434.2549019607845
1982.0
2095.748284734134
8007.580767408811
3681.5
596.7692307692307
6147.5507548152
8206.0
7739.0
67469.0
3740.779450508092
6321.0
11456.0
6587.106698895028
5178.935833333333
20635.445247657295
5627.111111111111
9346.0
8655.5
1825.0
4345.0
7508.4
1174.5714285714287
4934.511538461538
1756.6875
1970.4755244755245
7380.0
2322.3496158068056
1255.2888888888888
3952.5
4186.5
16284.023255813954
11316.0
9217.953024453025
4677.6
3914.0
8911.987736161751
4998.766270978305
4205.5
4253.618138424821
3078.441637352095
4638.4
2196.5
4022.387592487194
9672.372321742185
14770.795010114633
1933.3529411764705
1226.0
7920.5
529.1136363636364
2729.1714285714284
814.5
2725.456953642384
7598.2844444444445
25240.333333333332
12525.75
516.2633663366337
1484.0
1257.3727272727272
2100.8187134502923
5105.0
11075.0
3054.185185185185
5090.0
6302.5
9581.0
757.4137931034483
18195.0
7602.0
3676.0
2221.788893785809
4573.110612855007
126316.66666666667
870.0
2825.375
4109.666666666667
8104.4422721268165
17210.285714285714
7878.5
4904.0
360.6666666666667
6787.0
36472.8
3381.6
17510.0
9626.5
5037.5
6584.5322896281805
5907.813653136532
784.0
3997.749921948174
1302.0
3075.0
4218.796583234009
1716.5
1529.0
2440.3333333333335
362.6666666666667
4423.3233811554865
13152.890348525469
3684.499139414802
25546.333333333332
6644.963941449482
7695.33344370861
4472.166666666667
4129.0
3356.0
8654.998612652607
3584.412487205732
3744.1666666666665
2093.149861878453
11134.333333333334
1320.5
3426.0
10081.952364978195
305.83870967741933
29159.0
9868.666666666666
7985.385017991495
4630.0
2692.0
5077.464314679643
14663.21899469563
15563.99333703498
1407.0
901.8
7920.0
1279.7632398753894
12680.0
2232.5
7768.0
2207.75
2649.5
5857.435840707964
1423.3058333333333
373.67123287671234
3140.0522167487684
3795.569329660239
5101.5
9984.0
1039.8
6657.324305555556
657.1226508407517
607.6
1386.7972665148063
11903.0
539.5
1783.8835664335663
4801.219366197183
1805.0
5063.0
5461.188699360341
613.0
14483.0
2677.6332985749045
7193.3230140186915
5075.350148367953
2953.378750614855
783.37
3954.5481157469717
2754.0
5124.0
3980.0
16174.434782608696
3707.1385869565215
8360.412554283459
4508.660253786328
5138.904524007771
2470.8013553578994
6915.869117647058
4309.0
21047.571428571428
762.0666666666667
5277.5
459.75
7185.625327225131
7203.75
12371.0
15338.0
2402.5
2739.625
7396.38124395746
3338.0
5731.666666666667
2474.19450101833
17357.0
2684.8474038842646
10728.537530266343
12541.817076540481
2568.0
8661.0
1787.0
1179.0
6118.242124212421
1908.4786494538232
1605.3333333333333
6769.0
1065.0
1115.1666666666667
3099.0
7308.172335600907
13872.0
3211.5621716287214
15363.4
5226.64663093415
2769.0
38313.27272727273
6188.5
4530.004514672686
2773.1428571428573
1801.3194578896419
7764.263157894737
3258.591836734694
3470.0
1164.8659793814434
1492.7286706349207
1714.0666666666666
11108.0
11320.399658411614
3606.8264299802763
4964.0
4122.111111111111
6965.714285714285
4113.7642694063925
4419.440929878048
9280.379310344828
8681.666666666666
1525.875
6485.611958891311
5555.712434433816
6568.619637750238
11848.0
7940.0
5912.785714285715
8803.827298942646
26991.5
7592.847638248848
10173.0
4346.203796203797
9695.0
2775.406971860563
4616.826923076923
10918.357518401683
1221.5
29024.5
3938.0
26525.418869880767
32605.637572928823
2059.105648535565
111.60975609756098
8257.0
1598.125
1042.0
28103.5
7608.0
4342.553422112109
5000.0
3750.3333333333335
7555.0
4504.7
3617.5
5039.927861403011
886.0
810.3333333333334
4466.0
7307.565058236273
1434.395313681028
3958.4642419288925
5995.615267175573
20339.85714285714
36856.57142857143
2757.756261022928
6735.781359719119
12067.752167832168
8581.834011391375
6167.31914893617
4896.135249042146
990.0
3828.279715762274
32406.0
574.1136363636364
5788.25
2896.880230125523
5180.409356725147
1116.0361166335322
4811.462081959491
3490.804680851064
8909.38451025057
4429.408450704225
7089.047272727273
2037.0966628308402
2848.3333333333335
18185.5
6281.0
3882.107360977178
11888.527777777777
2140.9288770053477
9902.25
7914.9141164856865
7493.5
21411.90266222962
17162.851664984864
3252.4375
2721.8996401439426
956.6692307692308
5905.2209660842755
2656.2810606060607
2784.990234375
18195.21568627451
2580.0
6488.375
7496.930769230769
1026.0
101219.75
2530.536312849162
3567.512464387464
2487.0
2953.846153846154
9795.064377682404
7392.416666666667
10274.99822569198
8275.001812907904
14839.666666666666
6047.5
2530.6038006453928
53110.0
10771.25
3527.0
2143.8793227665706
5838.574562907096
3822.3422486379395
1031.0
3974.718129404228
3195.2713963963965
5888.0
19717.0
15990.0
9480.876757110167
2046.3425995492112
5941.96
11499.879717959353
1358.3846153846155
1069.1666666666667
1487.5714285714287
4716.333333333333
10440.0
5576.77109375
7482.0
8538.833333333334
46470.833333333336
14315.285714285714
75022.14285714286
5286.669461077844
4677.513683010262
2240.1751279024006
2795.0
6151.0
13556.0
4737.123188405797
4228.75
1399.4598017621145
628.0
3274.0
6105.7201492537315
6135.0
18548.667320627803
7162.8
8050.5
1417.5629973474802
8927.0
8614.333333333334
22582.5
13477.514285714286
2300.0
10690.0
5049.0
38460.71428571428
7850.0
6782.909090909091
6562.8
5577.865842349304
4925.0
5147.900189035917
3779.0
27323.0
4945.388349514563
2622.0
4545.0
4649.0
4048.401754385965
12916.857142857143
1505.4437869822484
7213.0
5093.9490851233095
43009.0
3410.4561532792927
1371.7842157842158
3322.7772621809745
574.5524475524476
8090.0
8170.6
3600.0
4638.780113636363
5655.0
25370.0
1484.9832775919733
25768.4
13902.0
6850.2596006144395
3025.929571106095
18129.5110619469
19590.6
4490.6
8532.639557836557
18198.5
71287.42857142857
14201.329225352112
1775.0
2666.0
1809.5714285714287
3496.6521739130435
6899.0
13100.297193175564
428.6666666666667
2215.0
2665.981366459627
3210.0
2112.8743455497383
3336.938166311301
3015.213404825737
10642.222222222223
1264.0
2259.225352112676
3321.25
3544.3150201612902
1073.4435643564357
5025.0
6350.0
11431.758412006779
13687.63035551504
22674.0
2885.6989247311826
3043.642541087231
7321.5
5167.0
7558.5
3681.771676300578
4890.409542743539
16039.0
2244.0
1992.6539215686275
1926.0
1875.125
40517.5
6241.036088474971
2438.6315789473683
1671.6183168316832
788.0
75067.75
9439.0
3337.3333333333335
30801.0
7361.20158218576
74238.0
85313.0
4487.0
5820.1428006329115
8515.0
47994.0
2914.290036900369
8330.0
4315.0
14044.8
2505.6666666666665
1837.8442307692308
3118.285714285714
7024.944444444444
5288.746984225178
11776.831031080414
4826.5
5308.21295914156
4045.0
5433.5
13060.0
1747.0
6253.089220377146
6747.99445093458
5501.0
11565.0
333.3139534883721
14702.943341121496
5770.0
4083.5984508764777
9224.0
9744.0
1856.923076923077
3927.103989242492
7805.0
7160.75
6481.302538071066
13444.0
3102.5882352941176
5131.864670658682
13142.0
4655.0
1157.0357142857142
1469.344827586207
3286.25
9167.0
17425.0
5295.411764705882
3184.108068097705
9221.367752442997
2837.0
41425.333333333336
2615.7419601837673
11603.0
2845.540890072271
7270.0
5175.5
2545.995458968537
13477.0
6666.666666666667
3516.6
2617.6326605504587
8258.827951153324
2599.951719092904
359.0
6114.0
4055.285714285714
11808.5
16196.5
43797.607142857145
475.0
7255.0
10904.15625
4826.538969072165
2513.6810176125246
27879.272727272728
7156.55
2726.625
5292.811525915186
4009.0
10135.596914446003
3600.6
3381.5
5086.5
4870.285714285715
2950.1666666666665
13791.4
3310.0
13689.4
13331.55967682703
3460.6
9805.0
35732.0
436.1904761904762
4518.0
25460.0
860.0
6163.461518392904
2866.5
1796.0
4316.0
11370.0
3941.8146853146854
4028.375
9474.50184774575
2122.5
977.6621304551853
9758.126477163845
18057.25
9724.42857142857
17796.5
12005.75
19621.0
2907.682558139535
8060.2
2241.9188982402447
2540.0
4211.2600526118
19148.333333333332
23338.85714285714
5815.4765602530915
29338.116460339294
32817.45802080813
4059.0
2295.5947014630287
6232.182841068917
5380.0
6008.280263157894
1334.7202797202797
6202.292122924761
620.6666666666666
6489.174923279264
7321.25
2327.6021080368905
2474.7606382978724
3405.0
2552.0
7007.0
3997.0
3879.4146341463415
25765.0
1735.0
24230.0
10893.666666666666
3266.8267358857884
5433.25
537.3333333333334
6690.0
3718.4285714285716
2577.0
9306.349579242637
1792.0
40671.333333333336
3935.1428571428573
1549.0
4370.502982731554
2206.4
11935.887055837564
7044.366214549938
4594.129081828659
2042.9577922077922
4213.0
1708.5333333333333
17525.0
5669.666666666667
4047.0
4464.805505685218
1804.4497777777779
3802.1750555144336
1654.5
27978.666666666668
2590.6428571428573
8372.906647807638
1034.1158878504673
2257.873487903226
2323.3333333333335
2438.0
1622.6
2820.5549480590485
10523.780612244898
4473.826704545455
4075.866666666667
9545.895391949152
9756.0
879.25
1948.0
7242.7517401392115
4658.68676923077
3113.0
4798.0
975.3333333333334
2026.3333333333333
15271.74074074074
2099.301055245189
28263.5
12996.336156696665
6878.0
6378.729411764706
5728.716550412175
4901.0
7335.4098360655735
439.81904761904764
5640.265471370734
8576.0
17782.14285714286
46126.75
12517.333333333334
200.0
10758.10512037979
10612.690558888538
9976.991517436381
2485.0
23039.529411764706
11166.817046085507
7834.0
2863.626165113182
3518.5
5663.4275092936805
5902.25
2013.3333333333333
2305.2183908045977
5309.0
5410.125
1192.3957338427253
3644.57677008751
5091.372785258682
11170.5
1052.3418903150525
2853.0
2991.5384615384614
4610.0
4158.0
2386.0
4692.636363636364
9570.25
4658.685518423307
2253.0
6954.8
996.0
4090.8776210446053
1375.0
2711.837760910816
5175.898431931575
28710.625
21521.5
29727.464580300824
68969.0
6887.422419685578
1037.188524590164
18877.304181540032
9015.56439628483
3773.5
5255.574525745257
5795.0
8619.5
1011.4362416107383
5036.758691910499
5140.555555555556
1045.5
1994.9974293059126
669.0653482373173
5094.0
10944.333333333334
5993.0
6599.979711451759
4277.440506329114
1257.5
836.25
740.0
4985.0
4313.2
3857.498814229249
712.2222222222222
2532.5944032366824
3589.0
1124.262254901961
2234.4920634920636
35540.102539981184
38618.5
850.8
3610.149212598425
10887.714285714286
8230.0
5456.925742574257
5339.176704828273
1299.4055819477435
1600.0
3791.5722460658085
3490.974358974359
3983.6428571428573
3401.0
8374.370895824888
624.0
5301.084396467125
10271.0
10645.203315455876
2568.1666666666665
34600.0
5923.627650176679
2389.5
4825.0
522.625
4401.0
24296.4
11211.808344640434
1240.5687847008019
20810.21894218942
5000.0705782312925
7446.60128102482
20930.0
1442.3529411764705
2469.7623574144486
110706.0
8920.0
4005.0771020272514
12718.0
482.0
12181.818181818182
12369.764659479359
2082.6428571428573
4060.0
4854.96
2010.0
577.0
2520.0
6563.201418439717
52584.6
19523.0
157458.5
2057.8
2530.548387096774
1367.731173380035
14177.336921420883
3724.0
15332.0
18430.0
1916.5263157894738
1473.7991266375545
1846.125
9480.777777777777
7276.0
7799.1012861736335
1765.0
6321.0
1312.0666666666666
23454.0
37498.232859636
5007.786860429912
416.8
3568.0948509485097
20295.333333333332
270.0
1592.0
4743.973684210527
12720.666666666666
2791.5
2281.8815286624204
5831.5
3818.6666666666665
1042.5
2152.4166666666665
1520.9301470588234
3543.7372947615327
2095.6663063063065
4263.5
2230.8869257950532
3845.045137736475
8374.549734954786
518.4417177914111
7254.014388489209
6394.629526462396
6147.75
2284.0
17234.0
3025.0
23506.555555555555
14167.833333333334
2980.547236377891
2936.803376365442
1062.3496932515338
13789.0
2740.0
7620.398216939078
3975.5
39540.6
2127.076923076923
9366.713147410359
3644.737288135593
27927.0
6403.6
5508.333333333333
1575.2388679245282
6046.5
7547.227625802094
4402.516872427984
2007.5
5157.0
25732.120010235416
3542.5
12268.0
7540.0
4312.731225296443
29400.0
6059.619408369408
4837.0
11256.0
2813.5529801324506
11589.989743589744
6566.123893805309
2830.5882352941176
4583.525402201524
9527.0
7204.802600866956
2791.7916666666665
5509.54347826087
6396.7
10665.0
11185.0
7315.75
2705.261040235525
8928.5
3451.941091954023
12077.585336172802
9072.8
4268.0
3393.415907498248
12705.0
479.6666666666667
8465.555555555555
4013.4285714285716
4078.6
1604.2046883933676
4763.0
11749.0
16423.5
3515.6315789473683
8972.566452485627
25732.120010235416
14269.333333333334
27845.70867208672
3652.9517241379313
15460.42857142857
4064.4285714285716
6874.97923985947
1340.0
7586.194946974423
4758.333333333333
4166.264970524357
4534.0
7062.0
5671.2997459779845
1803.4418232706917
9920.0
